[[7,6,0,5,0,0,0,0,0], [0,0,0,0,9,7,5,0,2], [1,0,0,8,0,0,0,0,4], [0,0,0,0,0,0,0,0,1], [0,9,0,6,0,4,0,2,0], [5,0,0,0,0,0,0,0,0], [9,0,0,0,0,5,0,0,6], [8,0,6,4,3,0,0,0,0], [0,0,0,0,0,6,0,4,9]]
Evil
[[3,0,0,0,0,8,0,0,0], [0,4,0,0,3,0,0,0,0], [0,6,1,0,0,2,0,0,5], [5,0,3,0,1,0,0,0,0], [9,0,2,0,5,0,1,0,6], [0,0,0,0,8,0,5,0,3], [1,0,0,4,0,0,3,9,0], [0,0,0,0,6,0,0,1,0], [0,0,0,8,0,0,0,0,7]]
Hard
[[3,0,0,0,6,0,4,7,2], [0,0,0,9,0,0,6,0,0], [0,0,0,2,0,0,0,0,9], [0,3,0,0,4,1,0,9,0], [0,0,6,0,0,0,8,0,0], [0,1,0,6,8,0,0,4,0], [9,0,0,0,0,6,0,0,0], [0,0,4,0,0,8,0,0,0], [8,6,7,0,5,0,0,0,1]]
Medium
[[1,0,0,5,0,0,0,0,0], [6,5,8,0,0,2,0,0,4], [9,0,2,0,0,6,0,7,0], [0,0,3,4,0,0,0,8,0], [8,1,4,0,0,0,2,5,3], [0,6,0,0,0,8,1,0,0], [0,8,0,1,0,0,3,0,2], [5,0,0,6,0,0,4,1,7], [0,0,0,0,0,9,0,0,5]]
Easy
[[2,3,0,0,0,0,0,0,0], [0,4,0,0,0,7,0,0,2], [0,0,0,0,0,6,1,0,9], [5,6,0,0,3,0,0,0,0], [4,0,0,0,5,0,0,0,3], [0,0,0,0,4,0,0,9,6], [3,0,2,1,0,0,0,0,0], [7,0,0,8,0,0,0,1,0], [0,0,0,0,0,0,0,3,7]]
Evil
[[0,7,0,0,2,0,0,0,0], [0,2,9,8,0,1,0,0,5], [0,1,0,0,4,9,0,0,3], [0,9,6,0,0,0,0,0,8], [0,0,0,0,0,0,0,0,0], [7,0,0,0,0,0,5,2,0], [9,0,0,7,3,0,0,6,0], [1,0,0,2,0,4,3,8,0], [0,0,0,0,6,0,0,5,0]]
Hard
[[0,0,0,0,1,0,6,0,2], [6,0,2,0,0,8,0,5,7], [0,0,0,7,0,0,0,0,0], [5,0,1,0,3,7,0,0,6], [0,0,0,1,9,4,0,0,0], [2,0,0,8,5,0,1,0,4], [0,0,0,0,0,3,0,0,0], [1,6,0,9,0,0,2,0,3], [3,0,5,0,7,0,0,0,0]]
Medium
[[5,0,0,0,0,4,0,0,7], [7,6,0,8,0,3,0,4,2], [1,0,0,6,7,0,0,3,5], [0,0,0,0,2,8,0,7,3], [0,0,0,0,0,0,0,0,0], [8,3,0,5,4,0,0,0,0], [3,1,0,0,8,6,0,0,9], [2,8,0,7,0,9,0,1,6], [6,0,0,2,0,0,0,0,4]]
Easy
[[0,9,0,0,0,0,0,0,2], [0,0,0,6,0,8,0,0,0], [0,0,7,0,4,0,0,1,0], [2,0,0,7,0,0,0,0,6], [0,7,0,8,0,4,0,2,0], [3,0,0,0,0,5,0,0,4], [0,3,0,0,8,0,7,0,0], [0,0,0,2,0,6,0,0,0], [1,0,0,0,0,0,0,9,0,]]
Evil
[[5,0,0,7,3,0,0,0,0], [0,0,1,0,2,0,0,3,0], [3,7,0,0,0,0,0,0,5], [0,9,0,0,0,1,8,0,0], [0,0,0,2,5,9,0,0,0], [0,0,5,4,0,0,0,1,0], [6,0,0,0,0,0,0,9,3], [0,8,0,0,1,0,6,0,0], [0,0,0,0,6,2,0,0,1]]
Hard
[[3,0,0,2,0,0,0,0,7], [0,8,0,0,0,0,0,0,0], [0,0,7,4,0,0,9,0,5], [0,0,3,0,0,2,6,5,0], [1,0,2,7,0,8,3,0,9], [0,9,4,5,0,0,7,0,0], [4,0,5,0,0,1,2,0,0], [0,0,0,0,0,0,0,1,0], [7,0,0,0,0,4,0,0,6]]
Medium
[[8,0,0,0,3,0,0,0,0], [0,4,6,1,7,0,2,0,0], [3,0,0,2,0,5,0,0,6], [9,0,0,4,0,7,1,0,0], [0,6,8,3,0,1,5,4,0], [0,0,2,5,0,9,0,0,8], [1,0,0,6,0,4,0,0,5], [0,0,4,0,1,2,9,3,0], [0,0,0,0,5,0,0,0,4]]
Easy
[[0,0,5,0,7,0,1,0,0], [0,8,0,0,0,0,0,9,4], [2,0,0,0,0,4,7,8,0], [5,0,0,4,0,0,0,0,8], [0,0,0,9,0,3,0,0,0], [8,0,0,0,0,5,0,0,1], [0,3,8,6,0,0,0,0,2], [4,5,0,0,0,0,0,1,0], [0,0,9,0,1,0,4,0,0]]
Easy
[[7,0,0,0,0,6,0,9,0], [9,0,0,0,0,7,4,0,0], [0,0,0,0,2,0,3,0,1], [0,0,0,0,0,0,0,0,0], [6,0,4,0,0,5,7,0,0], [0,0,8,0,3,2,5,0,0], [0,0,0,0,1,0,9,0,7], [0,0,0,0,0,3,0,0,0], [0,2,0,0,8,0,1,0,3]]
Hard
[[9,0,0,0,6,5,0,0,2], [0,0,0,0,0,0,0,0,0], [0,0,0,0,0,0,9,0,3], [0,0,7,5,0,8,6,0,0], [0,0,5,6,0,2,3,0,0], [0,0,3,1,0,4,2,0,0], [4,0,1,0,0,0,0,0,0], [0,0,0,0,0,0,0,0,0], [6,0,0,3,2,0,0,0,7]]
Evil
[[0,1,0,5,3,0,4,0,0], [0,0,0,7,0,0,0,0,0], [0,5,0,0,4,0,0,7,2], [2,0,0,8,0,0,0,3,4], [0,0,1,0,0,0,9,0,0], [8,7,0,0,0,4,0,0,1], [9,3,0,0,7,0,0,1,0], [0,0,0,0,0,3,0,0,0], [0,0,2,0,6,8,0,9,0]]
Medium
[[8,1,4,0,0,0,0,0,0], [0,0,0,0,9,0,8,0,0], [0,0,9,7,2,0,0,0,0], [6,0,0,0,0,0,0,9,0], [0,0,8,1,0,6,2,0,0], [0,7,0,0,0,0,0,0,5], [0,0,0,0,5,4,9,0,0], [0,0,3,0,8,0,0,0,0], [0,0,0,0,0,0,4,6,7]]
Evil
[[0,0,2,9,0,7,0,0,0], [0,0,0,3,0,0,5,0,0], [0,7,0,0,5,0,4,0,0], [3,0,0,4,1,0,0,7,8], [0,0,0,6,0,8,0,0,0], [6,8,0,0,2,9,0,0,3], [0,0,3,0,9,0,0,5,0], [0,0,7,0,0,3,0,0,0], [0,0,0,8,0,1,3,0,0]]
Hard
[[0,4,0,5,0,0,0,0,0], [0,2,5,0,4,0,0,0,9], [0,0,0,7,8,1,2,0,0], [0,0,0,4,0,6,7,0,1], [0,9,0,0,5,0,0,2,0], [2,0,7,3,0,9,0,0,0], [0,0,3,1,6,4,0,0,0], [9,0,0,0,7,0,4,3,0], [0,0,0,0,0,5,0,8,0]]
Medium
[[2,1,0,6,9,0,3,0,0], [0,5,0,7,8,0,0,4,2], [0,0,0,0,0,0,0,1,0], [0,2,9,3,6,5,0,8,0], [0,3,0,0,0,0,0,9,0], [0,8,0,1,2,9,7,6,0], [0,6,0,0,0,0,0,0,0], [5,4,0,0,3,7,0,2,0], [0,0,2,0,4,6,0,3,1]]
Easy