1.2574429512
1.05617284775
1.17807817459
0.938947916031
1.14437794685
0.936892986298
1.28304886818
1.25928211212
1.05816888809
0.946660995483
0.95069694519
1.15056180954
1.07023310661
0.955675125122
0.943462848663
0.870673894882
1.0647149086
1.00678110123
0.891317844391
1.07076787949
1.06729102135
1.49681186676
1.06045484543
1.17150521278
1.19333910942
0.964174985886
0.951373815536
1.07587599754
1.15252685547
0.950387954712
1.11280584335
1.15276694298
1.05766797066
0.758857011795
1.08244800568
1.21996498108
0.949303150177
1.47741794586
1.17279291153
1.2932870388
1.15753006935
0.969347953796
1.05575895309
1.04562401772
0.939578771591
1.16573905945
0.945523023605
1.09471702576
1.06024909019
0.943681001663
