5.54700803757
5.53620100021
5.05927109718
5.31297397614
5.17390704155
5.44600296021
4.75943994522
4.96560502052
5.54835891724
5.68037700653
5.7439160347
5.03431391716
4.998057127
7.50092101097
5.6899061203
5.23710298538
5.53664493561
4.73040390015
5.00053095818
4.75862002373
4.50165009499
5.31366014481
5.2204990387
5.08456897736
4.8338739872
5.04690098763
5.60921001434
6.95899987221
5.76276898384
6.12544488907
5.93878293037
5.90436410904
5.17477893829
5.14333295822
5.49326205254
5.28373003006
4.77068400383
4.97399902344
5.26439094543
4.60151100159
5.14324402809
4.91355085373
5.31608104706
5.18408203125
5.02292203903
4.72378611565
5.56669902802
5.17902898788
5.22980213165
4.81035494804
