0.384427070618
0.190017938614
0.549718141556
0.378622055054
0.37061715126
0.37068605423
0.394484043121
0.373835086823
0.38477897644
0.387652873993
0.38386797905
0.376234054565
0.441614866257
0.508579015732
0.326402187347
0.374408960342
0.313999176025
0.373656988144
0.378051996231
0.436195135117
0.340774059296
0.451248884201
0.382758140564
0.387207984924
0.441175937653
0.384388923645
0.386363983154
0.368751049042
0.31476688385
0.373441934586
0.31315112114
0.369928121567
0.318631887436
0.38268995285
0.502846002579
0.317207813263
0.377539873123
0.44514298439
0.311160087585
0.373553037643
0.376549005508
0.440761089325
0.310608148575
0.37909579277
0.377826929092
0.380204916
0.319557905197
0.449506998062
0.315313100815
0.260109901428
