2.32250094414
2.63693499565
2.53291392326
2.69862604141
2.60165405273
2.2729818821
2.7665541172
2.79799413681
2.11185193062
2.41133999825
2.28197813034
2.76457691193
2.41735696793
2.2686188221
2.42066407204
2.45601296425
2.29644918442
2.26514196396
2.28316307068
2.26240491867
2.32465195656
2.75395894051
2.85724592209
2.76305890083
2.28351306915
2.46837997437
2.43680906296
2.4401679039
2.29862999916
2.64409089088
2.46448302269
2.09520792961
2.25471711159
2.466370821
2.82220387459
2.60182905197
2.41368985176
2.58325386047
2.61521697044
2.29931902885
2.4275021553
2.52493190765
2.97004294395
2.3127720356
2.77778697014
2.28882408142
2.47191691399
1.82349014282
2.58269715309
2.67401409149
