0.129603147507
0.0580499172211
0.0332269668579
0.116504907608
0.0632259845734
0.0293841362
0.0605089664459
0.0599269866943
0.0539262294769
0.10779094696
0.0837249755859
0.0550539493561
0.0827398300171
0.0547668933868
0.114953994751
0.126955986023
0.0607430934906
0.123387813568
0.0568029880524
0.0941820144653
0.11064696312
0.0580110549927
0.10856294632
0.0587129592896
0.126588106155
0.12443614006
0.0552260875702
0.0605652332306
0.0908019542694
0.0575129985809
0.111270189285
0.125976085663
0.0567741394043
0.0538568496704
0.113085985184
0.0814990997314
0.110683202744
0.110813856125
0.11021399498
0.111897945404
0.0352890491486
0.111111879349
0.08380818367
0.0541279315948
0.113456010818
0.0562169551849
0.107325792313
0.110915184021
0.122893095016
0.0645620822906
